0	0
0	1
0	2
0	3
0	4
0	5
0	6
0	7
0	8
0	9
0	10
0	11
0	12
0	13
0	14
0	15
0	16
1	0
1	7
1	17
1	18
1	19
1	20
1	21
1	22
1	23
1	24
1	25
1	26
1	27
1	28
1	29
1	30
1	31
1	32
1	33
1	34
1	35
1	36
1	37
1	38
1	39
3	0
3	14
3	40
3	41
3	42
3	43
4	0
4	11
4	14
4	40
4	44
4	45
4	46
4	47
4	48
4	49
4	50
4	51
4	52
4	53
4	54
4	55
4	56
4	57
4	58
4	59
4	60
4	61
4	62
4	63
4	64
4	65
4	66
4	67
4	68
4	69
4	70
4	71
4	72
4	73
4	74
4	75
4	76
4	77
4	78
4	79
4	80
4	81
4	82
5	0
5	83
5	84
5	85
5	86
5	87
5	88
6	0
6	14
6	37
6	38
6	39
6	89
6	90
6	91
6	92
6	93
6	94
6	95
6	96
6	97
6	98
6	99
6	100
6	101
6	102
6	103
6	104
6	105
6	106
6	107
6	108
6	109
6	110
6	111
6	112
6	113
6	114
6	115
6	116
6	117
6	118
6	119
6	120
6	121
6	122
6	123
7	0
7	6
7	8
7	14
7	25
7	33
7	37
7	45
7	80
7	82
7	121
7	124
7	125
7	126
7	127
7	128
7	129
7	130
7	131
7	132
7	133
7	134
7	135
7	136
7	137
7	138
7	139
7	140
7	141
7	142
7	143
7	144
7	145
7	146
7	147
7	148
7	149
7	150
7	151
7	152
8	0
8	3
8	14
8	40
8	46
8	70
8	141
8	150
8	153
8	154
8	155
8	156
9	0
9	12
9	14
9	131
9	134
9	157
9	158
9	159
9	160
9	161
9	162
9	163
9	164
9	165
9	166
9	167
9	168
10	0
10	4
10	6
10	9
10	14
10	15
10	16
10	33
10	35
10	37
10	38
10	40
10	44
10	46
10	51
10	63
10	70
10	71
10	72
10	74
10	134
10	140
10	141
10	144
10	145
10	169
10	170
10	171
10	172
10	173
10	174
10	175
10	176
10	177
10	178
10	179
10	180
10	181
10	182
10	183
10	184
10	185
10	186
10	187
10	188
10	189
10	190
10	191
10	192
10	193
10	194
10	195
10	196
10	197
10	198
10	199
10	200
10	201
10	202
10	203
10	204
10	205
10	206
10	207
10	208
10	209
10	210
10	211
10	212
10	213
10	214
10	215
10	216
10	217
10	218
10	219
10	220
11	0
11	6
11	9
11	14
11	36
11	40
11	44
11	46
11	51
11	63
11	68
11	69
11	70
11	72
11	73
11	74
11	103
11	107
11	111
11	136
11	137
11	138
11	151
11	152
11	153
11	155
11	156
11	162
11	163
11	171
11	189
11	202
11	205
11	206
11	210
11	212
11	214
11	215
11	216
11	217
11	221
11	222
11	223
11	224
11	225
11	226
11	227
11	228
11	229
11	230
11	231
11	232
11	233
11	234
11	235
12	236
12	237
13	238
13	239
14	0
15	0
15	4
15	70
15	141
15	169
15	202
15	240
15	241
15	242
15	243
15	244
15	245
15	246
16	247
16	248
16	249
16	250
16	251
16	252
16	253
16	254
16	255
16	256
16	257
17	1
17	258
17	259
17	260
17	261
17	262
17	263
17	264
17	265
17	266
18	1
18	267
18	268
19	0
19	1
19	17
19	19
19	20
19	21
19	23
19	24
19	25
19	27
19	29
19	269
19	270
19	271
19	272
19	273
19	274
19	275
19	276
19	277
19	278
19	279
19	280
19	281
19	282
19	283
19	284
19	285
19	286
19	287
19	288
19	289
19	290
19	291
19	292
19	293
19	294
19	295
19	296
19	297
19	298
19	299
19	300
19	301
19	302
19	303
19	304
19	305
19	306
19	307
19	308
19	309
19	310
19	311
19	312
19	313
19	314
19	315
19	316
19	317
19	318
19	319
19	320
19	321
19	322
19	323
19	324
19	325
19	326
19	327
19	328
19	329
19	330
19	331
19	332
19	333
19	334
19	335
19	336
19	337
19	338
19	339
19	340
19	341
19	342
19	343
19	344
19	345
19	346
19	347
19	348
19	349
19	350
19	351
20	0
20	17
20	19
20	20
20	21
20	23
20	24
20	25
20	27
20	29
20	352
20	353
20	354
20	355
20	356
20	357
20	358
20	359
20	360
20	361
20	362
20	363
20	364
20	365
20	366
20	367
20	368
20	369
20	370
20	371
20	372
20	373
20	374
20	375
20	376
20	377
20	378
20	379
20	380
20	381
20	382
20	383
20	384
20	385
20	386
20	387
20	388
20	389
20	390
20	391
20	392
20	393
20	394
20	395
20	396
20	397
20	398
20	399
20	400
20	401
20	402
20	403
20	404
20	405
20	406
20	407
20	408
20	409
20	410
20	411
20	412
20	413
20	414
20	415
20	416
20	417
20	418
20	419
20	420
20	421
20	422
20	423
20	424
20	425
20	426
20	427
20	428
20	429
20	430
20	431
20	432
20	433
20	434
20	435
20	436
20	437
20	438
20	439
20	440
20	441
20	442
20	443
20	444
20	445
20	446
20	447
20	448
20	449
20	450
20	451
20	452
20	453
20	454
20	455
20	456
20	457
20	458
20	459
20	460
20	461
20	462
20	463
20	464
20	465
20	466
20	467
20	468
20	469
20	470
20	471
20	472
20	473
20	474
20	475
20	476
20	477
20	478
20	479
20	480
20	481
20	482
20	483
20	484
20	485
20	486
20	487
20	488
20	489
20	490
20	491
20	492
20	493
20	494
20	495
20	496
20	497
20	498
20	499
20	500
20	501
20	502
20	503
20	504
20	505
20	506
20	507
20	508
20	509
20	510
20	511
20	512
20	513
20	514
20	515
20	516
20	517
20	518
20	519
20	520
20	521
20	522
20	523
20	524
20	525
20	526
20	527
20	528
20	529
20	530
20	531
20	532
20	533
20	534
20	535
20	536
20	537
20	538
20	539
20	540
20	541
20	542
20	543
20	544
20	545
20	546
20	547
20	548
20	549
20	550
20	551
20	552
20	553
20	554
20	555
20	556
20	557
20	558
20	559
20	560
20	561
20	562
20	563
20	564
20	565
20	566
20	567
20	568
20	569
20	570
20	571
20	572
20	573
20	574
20	575
20	576
20	577
20	578
20	579
20	580
20	581
20	582
21	0
21	1
21	21
21	583
21	584
21	585
21	586
21	587
21	588
21	589
21	590
21	591
22	592
22	593
23	0
23	1
23	17
23	19
23	20
23	21
23	23
23	24
23	25
23	27
23	29
23	594
23	595
23	596
24	0
24	1
24	17
24	19
24	20
24	21
24	23
24	24
24	25
24	27
24	29
24	597
24	598
24	599
25	0
25	1
25	17
25	19
25	20
25	21
25	23
25	24
25	25
25	27
25	29
25	600
25	601
25	602
25	603
25	604
25	605
25	606
25	607
25	608
25	609
25	610
25	611
25	612
25	613
25	614
26	0
26	1
26	17
26	19
26	20
26	21
26	23
26	24
26	25
26	27
26	29
27	0
27	1
27	17
27	19
27	20
27	21
27	23
27	24
27	25
27	27
27	29
27	615
27	616
28	1
29	0
29	1
29	617
29	618
29	619
29	620
29	621
29	622
29	623
29	624
29	625
29	626
29	627
29	628
29	629
29	630
30	0
30	1
30	18
30	631
30	632
31	633
32	0
32	132
32	634
32	635
32	636
32	637
32	638
32	639
32	640
33	176
33	641
33	642
33	643
33	644
33	645
34	0
34	34
34	163
34	646
34	647
34	648
34	649
35	0
35	267
35	650
35	651
35	652
35	653
35	654
35	655
35	656
35	657
35	658
36	0
36	1
36	4
36	69
36	156
36	202
36	659
36	660
36	661
36	662
36	663
36	664
37	267
37	665
37	666
37	667
37	668
37	669
37	670
40	0
40	14
40	40
40	73
40	157
40	160
40	161
40	173
40	205
40	210
40	216
40	217
40	235
40	671
40	672
40	673
40	674
40	675
40	676
40	677
40	678
40	679
40	680
40	681
40	682
40	683
40	684
40	685
40	686
40	687
40	688
40	689
40	690
40	691
40	692
40	693
40	694
40	695
40	696
40	697
40	698
40	699
40	700
40	701
40	702
40	703
40	704
40	705
40	706
40	707
40	708
40	709
40	710
40	711
40	712
40	713
40	714
40	715
40	716
40	717
40	718
40	719
40	720
40	721
40	722
40	723
40	724
40	725
40	726
40	727
40	728
40	729
40	730
40	731
40	732
40	733
40	734
40	735
40	736
40	737
40	738
40	739
40	740
40	741
40	742
40	743
40	744
40	745
40	746
40	747
40	748
40	749
40	750
40	751
40	752
40	753
40	754
40	755
40	756
40	757
40	758
40	759
40	760
40	761
40	762
40	763
40	764
40	765
40	766
40	767
40	768
40	769
40	770
40	771
40	772
40	773
40	774
40	775
40	776
40	777
40	778
40	779
40	780
40	781
40	782
40	783
40	784
40	785
40	786
40	787
40	788
40	789
40	790
40	791
40	792
40	793
40	794
40	795
40	796
40	797
40	798
40	799
40	800
40	801
40	802
41	0
41	803
41	804
41	805
41	806
41	807
42	0
42	808
42	809
42	810
42	811
42	812
42	813
42	814
42	815
42	816
42	817
42	818
42	819
42	820
42	821
43	822
43	823
43	824
44	825
44	826
45	827
45	828
45	829
46	14
46	267
46	732
46	830
46	831
46	832
46	833
46	834
46	835
46	836
46	837
46	838
46	839
46	840
46	841
46	842
46	843
46	844
46	845
46	846
46	847
46	848
46	849
46	850
46	851
47	0
47	80
47	81
47	82
47	852
47	853
47	854
47	855
47	856
47	857
47	858
47	859
47	860
47	861
48	0
48	49
48	862
48	863
48	864
48	865
48	866
48	867
48	868
49	0
49	48
49	862
49	863
49	865
49	869
49	870
49	871
49	872
49	873
49	874
49	875
49	876
49	877
50	50
50	55
50	64
50	189
50	878
50	879
51	51
51	189
51	803
51	880
51	881
51	882
51	883
51	884
51	885
51	886
52	52
52	170
52	172
52	189
52	194
52	204
52	649
52	887
52	888
52	889
52	890
52	891
52	892
52	893
52	894
52	895
52	896
52	897
52	898
52	899
53	0
53	900
53	901
53	902
53	903
53	904
53	905
53	906
54	0
54	55
54	907
54	908
54	909
55	0
55	54
55	71
55	910
55	911
55	912
55	913
55	914
55	915
55	916
55	917
55	918
56	0
56	55
56	57
56	913
56	919
57	0
57	55
57	56
57	57
57	913
58	0
58	58
58	59
58	862
58	920
58	921
58	922
58	923
58	924
58	925
58	926
58	927
58	928
58	929
59	58
59	59
59	879
59	920
59	927
60	58
60	59
60	60
60	920
60	927
60	930
60	931
60	932
60	933
60	934
60	935
60	936
60	937
61	0
61	62
61	862
61	938
61	939
61	940
61	941
61	942
61	943
61	944
61	945
61	946
62	0
62	61
62	862
62	947
62	948
62	949
62	950
63	951
63	952
63	953
63	954
64	0
64	67
64	955
64	956
64	957
64	958
64	959
64	960
64	961
64	962
64	963
64	964
64	965
64	966
64	967
64	968
64	969
64	970
64	971
65	64
65	960
65	972
65	973
66	64
67	64
67	75
67	76
67	974
67	975
67	976
67	977
67	978
68	0
68	1
68	4
68	68
68	69
68	156
68	202
68	659
68	660
68	661
68	662
68	663
68	664
69	0
69	1
69	4
69	36
69	68
69	69
69	74
69	107
69	156
69	189
69	202
69	206
69	212
69	228
69	229
69	230
69	231
69	232
69	659
69	660
69	661
69	662
69	663
69	664
69	808
69	979
69	980
69	981
69	982
69	983
69	984
69	985
69	986
69	987
69	988
69	989
69	990
69	991
69	992
69	993
70	0
70	15
70	53
70	55
70	64
70	70
70	169
70	240
70	242
70	243
70	246
70	862
70	994
70	995
70	996
70	997
71	0
71	55
71	998
71	999
71	1000
71	1001
71	1002
71	1003
71	1004
71	1005
71	1006
71	1007
72	1008
72	1009
72	1010
73	1011
73	1012
73	1013
74	1014
74	1015
84	0
84	5
84	85
85	0
85	5
85	84
86	0
86	86
86	1016
86	1017
86	1018
90	0
90	90
90	91
90	92
90	93
90	94
90	95
90	96
90	97
90	98
90	99
90	100
90	1019
90	1020
91	0
91	90
91	91
91	1021
92	0
92	39
92	90
92	92
92	97
92	1022
92	1023
93	0
93	90
93	93
94	0
94	90
94	94
94	111
94	767
94	1024
94	1025
94	1026
94	1027
95	0
95	90
95	95
95	111
95	1028
95	1029
96	1030
96	1031
96	1032
97	0
97	90
97	92
97	96
97	97
97	1033
97	1034
97	1035
97	1036
98	0
98	39
98	45
98	90
98	98
98	108
98	109
98	135
98	162
98	167
98	203
98	1037
98	1038
98	1039
98	1040
98	1041
99	0
99	90
99	99
99	1042
99	1043
100	0
100	90
100	91
100	92
100	93
100	94
100	97
100	98
100	99
100	100
100	1019
100	1024
100	1044
101	0
101	11
101	63
101	103
101	105
101	106
101	111
101	144
101	147
101	163
101	176
101	214
101	1045
101	1046
101	1047
101	1048
101	1049
101	1050
101	1051
101	1052
101	1053
101	1054
101	1055
102	0
102	102
102	103
102	224
102	1054
102	1056
102	1057
102	1058
102	1059
102	1060
102	1061
102	1062
103	0
103	103
103	224
103	1054
103	1057
103	1058
103	1061
103	1062
103	1063
103	1064
103	1065
103	1066
103	1067
103	1068
103	1069
103	1070
103	1071
103	1072
103	1073
103	1074
103	1075
103	1076
103	1077
103	1078
103	1079
103	1080
103	1081
103	1082
103	1083
103	1084
103	1085
103	1086
103	1087
103	1088
103	1089
103	1090
103	1091
103	1092
105	162
106	0
106	994
106	1093
106	1094
106	1095
106	1096
106	1097
106	1098
106	1099
106	1100
106	1101
106	1102
106	1103
106	1104
106	1105
106	1106
106	1107
106	1108
106	1109
106	1110
106	1111
107	0
107	1
107	4
107	69
107	107
107	156
107	202
107	659
107	660
107	661
107	662
107	663
107	664
107	906
107	1112
109	108
109	1041
109	1113
109	1114
110	0
110	140
110	950
110	1115
110	1116
110	1117
110	1118
111	1119
111	1120
112	1121
113	688
113	689
113	710
113	730
113	753
113	754
113	758
113	761
113	767
113	768
113	800
113	1122
113	1123
113	1124
113	1125
113	1126
113	1127
113	1128
113	1129
113	1130
114	1131
115	1132
116	214
116	1133
116	1134
116	1135
116	1136
116	1137
116	1138
116	1139
116	1140
116	1141
116	1142
116	1143
124	0
124	124
124	1144
124	1145
124	1146
124	1147
124	1148
124	1149
124	1150
125	1151
125	1152
126	0
126	14
126	1153
127	0
127	135
127	1154
127	1155
127	1156
127	1157
127	1158
127	1159
127	1160
131	0
131	132
131	634
131	635
131	636
131	637
131	638
131	639
131	640
132	1161
132	1162
132	1163
133	0
133	7
133	33
133	176
133	1164
133	1165
133	1166
133	1167
133	1168
133	1169
134	1170
134	1171
134	1172
134	1173
134	1174
134	1175
134	1176
134	1177
134	1178
134	1179
135	0
135	1180
135	1181
135	1182
135	1183
135	1184
135	1185
135	1186
135	1187
135	1188
135	1189
135	1190
135	1191
135	1192
135	1193
136	199
136	1194
136	1195
136	1196
136	1197
136	1198
137	199
137	200
137	1199
137	1200
137	1201
137	1202
137	1203
137	1204
137	1205
137	1206
137	1207
138	109
138	267
138	1208
138	1209
138	1210
138	1211
139	162
139	171
139	205
139	214
139	215
139	1211
139	1212
139	1213
140	0
140	35
140	39
140	205
140	210
140	995
140	1214
140	1215
140	1216
140	1217
140	1218
140	1219
140	1220
140	1221
140	1222
140	1223
140	1224
140	1225
140	1226
140	1227
140	1228
140	1229
140	1230
140	1231
140	1232
140	1233
140	1234
140	1235
140	1236
141	0
141	39
141	40
141	47
141	53
141	55
141	64
141	127
141	141
141	144
141	169
141	189
141	193
141	195
141	201
141	862
141	994
141	996
141	997
141	1237
141	1238
141	1239
141	1240
141	1241
141	1242
141	1243
141	1244
141	1245
141	1246
141	1247
141	1248
141	1249
141	1250
141	1251
141	1252
141	1253
142	0
142	135
142	140
142	144
142	1254
142	1255
143	0
143	140
143	1249
143	1256
144	0
144	1257
144	1258
144	1259
145	1260
145	1261
145	1262
145	1263
145	1264
145	1265
145	1266
145	1267
146	149
146	1268
146	1269
146	1270
146	1271
146	1272
153	14
153	1273
153	1274
153	1275
153	1276
153	1277
153	1278
153	1279
153	1280
153	1281
153	1282
153	1283
153	1284
153	1285
153	1286
153	1287
153	1288
153	1289
153	1290
153	1291
153	1292
153	1293
153	1294
153	1295
153	1296
153	1297
153	1298
153	1299
153	1300
153	1301
153	1302
154	1303
154	1304
154	1305
155	0
155	11
155	1306
157	1307
157	1308
157	1309
157	1310
158	1311
158	1312
158	1313
158	1314
158	1315
158	1316
158	1317
158	1318
158	1319
158	1320
159	0
159	1321
159	1322
159	1323
159	1324
159	1325
159	1326
159	1327
159	1328
159	1329
159	1330
160	267
160	1331
160	1332
160	1333
160	1334
160	1335
160	1336
160	1337
160	1338
160	1339
160	1340
160	1341
160	1342
160	1343
160	1344
160	1345
161	779
161	1330
161	1346
161	1347
161	1348
161	1349
161	1350
161	1351
161	1352
161	1353
161	1354
161	1355
161	1356
161	1357
161	1358
161	1359
161	1360
161	1361
161	1362
161	1363
161	1364
161	1365
161	1366
161	1367
161	1368
161	1369
161	1370
161	1371
161	1372
161	1373
161	1374
161	1375
161	1376
161	1377
161	1378
161	1379
161	1380
161	1381
161	1382
161	1383
161	1384
161	1385
161	1386
161	1387
162	0
162	105
162	163
162	1388
162	1389
162	1390
162	1391
162	1392
162	1393
162	1394
162	1395
162	1396
162	1397
162	1398
162	1399
162	1400
162	1401
162	1402
162	1403
162	1404
162	1405
162	1406
162	1407
162	1408
162	1409
162	1410
162	1411
162	1412
162	1413
162	1414
162	1415
162	1416
162	1417
162	1418
162	1419
162	1420
162	1421
162	1422
162	1423
162	1424
162	1425
162	1426
162	1427
162	1428
162	1429
162	1430
163	1431
163	1432
164	1433
164	1434
164	1435
164	1436
164	1437
164	1438
164	1439
164	1440
164	1441
164	1442
164	1443
164	1444
164	1445
164	1446
165	1447
165	1448
165	1449
165	1450
165	1451
165	1452
166	1453
167	0
167	105
167	162
167	167
167	1409
167	1454
167	1455
167	1456
168	1457
168	1458
168	1459
168	1460
168	1461
168	1462
168	1463
168	1464
168	1465
168	1466
168	1467
168	1468
169	0
169	86
169	1469
169	1470
169	1471
169	1472
169	1473
169	1474
169	1475
169	1476
169	1477
169	1478
169	1479
169	1480
169	1481
170	0
170	147
170	1482
170	1483
170	1484
170	1485
170	1486
170	1487
170	1488
170	1489
170	1490
170	1491
170	1492
170	1493
170	1494
170	1495
170	1496
170	1497
170	1498
170	1499
170	1500
170	1501
170	1502
170	1503
170	1504
170	1505
170	1506
170	1507
170	1508
170	1509
170	1510
170	1511
170	1512
170	1513
170	1514
170	1515
170	1516
170	1517
170	1518
171	0
171	171
171	1519
172	1520
172	1521
173	1522
173	1523
174	0
174	15
174	198
174	202
174	1524
174	1525
174	1526
174	1527
174	1528
175	175
175	191
175	880
175	1529
175	1530
175	1531
175	1532
175	1533
175	1534
175	1535
176	0
176	11
176	33
176	101
176	133
177	1536
177	1537
177	1538
177	1539
177	1540
177	1541
178	0
178	179
178	180
178	181
178	182
178	183
178	184
178	185
178	1542
178	1543
178	1544
178	1545
178	1546
179	0
179	1547
179	1548
179	1549
179	1550
180	0
180	1551
180	1552
180	1553
181	0
181	155
181	1554
181	1555
181	1556
181	1557
181	1558
181	1559
182	0
182	1560
182	1561
183	0
183	1562
183	1563
184	0
184	71
184	175
184	1564
184	1565
184	1566
184	1567
184	1568
184	1569
184	1570
184	1571
184	1572
184	1573
184	1574
184	1575
185	0
185	181
185	1576
185	1577
185	1578
186	0
186	994
187	238
189	50
189	51
189	52
189	181
189	267
189	878
189	1579
190	51
190	189
190	212
190	267
191	0
191	41
191	86
191	138
191	175
191	191
191	197
191	238
191	880
191	1274
191	1580
191	1581
191	1582
191	1583
191	1584
191	1585
191	1586
191	1587
191	1588
191	1589
191	1590
191	1591
191	1592
191	1593
191	1594
191	1595
191	1596
191	1597
191	1598
191	1599
191	1600
191	1601
191	1602
191	1603
191	1604
191	1605
191	1606
191	1607
191	1608
191	1609
191	1610
191	1611
191	1612
191	1613
191	1614
191	1615
191	1616
191	1617
191	1618
191	1619
192	1620
193	1621
193	1622
194	0
194	204
194	1623
194	1624
194	1625
194	1626
194	1627
194	1628
194	1629
194	1630
194	1631
194	1632
194	1633
194	1634
194	1635
195	1636
196	1637
196	1638
197	1639
197	1640
198	0
198	196
198	198
198	1258
198	1641
199	0
199	136
199	137
199	200
199	1642
199	1643
199	1644
199	1645
199	1646
199	1647
199	1648
199	1649
199	1650
199	1651
200	1652
200	1653
200	1654
200	1655
200	1656
200	1657
200	1658
201	0
201	15
201	43
201	957
201	1659
201	1660
201	1661
201	1662
201	1663
201	1664
201	1665
201	1666
201	1667
201	1668
201	1669
201	1670
201	1671
201	1672
201	1673
201	1674
201	1675
201	1676
201	1677
201	1678
201	1679
201	1680
201	1681
201	1682
201	1683
201	1684
201	1685
201	1686
201	1687
201	1688
201	1689
201	1690
201	1691
201	1692
201	1693
201	1694
201	1695
201	1696
201	1697
201	1698
201	1699
202	0
202	1
202	4
202	36
202	69
202	107
202	156
202	228
202	232
202	659
202	660
202	661
202	662
202	663
202	664
202	1700
202	1701
203	1702
203	1703
203	1704
204	0
204	194
204	1633
204	1634
204	1705
204	1706
204	1707
204	1708
206	1709
206	1710
206	1711
206	1712
206	1713
206	1714
207	1715
207	1716
207	1717
208	0
208	15
208	70
208	164
208	169
208	208
208	240
208	243
208	246
208	1718
208	1719
208	1720
208	1721
208	1722
208	1723
208	1724
208	1725
209	0
209	209
209	1726
210	1727
211	1728
212	155
212	181
212	267
212	1729
212	1730
212	1731
212	1732
212	1733
212	1734
212	1735
212	1736
213	1737
213	1738
213	1739
214	0
214	116
214	214
214	1138
214	1740
214	1741
214	1742
214	1743
214	1744
214	1745
214	1746
214	1747
214	1748
214	1749
214	1750
214	1751
215	1752
215	1753
215	1754
216	1755
216	1756
216	1757
216	1758
216	1759
216	1760
216	1761
216	1762
216	1763
216	1764
216	1765
216	1766
217	1767
218	218
218	1768
218	1769
218	1770
218	1771
218	1772
218	1773
218	1774
218	1775
218	1776
218	1777
218	1778
218	1779
218	1780
218	1781
218	1782
218	1783
218	1784
218	1785
218	1786
218	1787
218	1788
218	1789
219	0
219	1660
219	1790
219	1791
219	1792
219	1793
219	1794
219	1795
219	1796
219	1797
219	1798
219	1799
219	1800
219	1801
219	1802
219	1803
219	1804
219	1805
219	1806
219	1807
219	1808
219	1809
219	1810
219	1811
219	1812
219	1813
219	1814
219	1815
219	1816
219	1817
219	1818
219	1819
219	1820
219	1821
219	1822
219	1823
219	1824
219	1825
219	1826
219	1827
219	1828
219	1829
219	1830
219	1831
219	1832
221	0
221	14
221	53
221	55
221	64
221	671
221	862
221	994
221	996
221	997
221	1274
221	1833
221	1834
221	1835
221	1836
221	1837
221	1838
221	1839
221	1840
221	1841
221	1842
221	1843
221	1844
221	1845
221	1846
221	1847
221	1848
221	1849
221	1850
221	1851
221	1852
221	1853
221	1854
222	14
222	222
222	267
222	1855
222	1856
222	1857
223	0
223	1858
223	1859
223	1860
224	0
224	103
224	224
224	1054
224	1057
224	1058
224	1061
224	1062
224	1063
224	1861
224	1862
224	1863
224	1864
224	1865
224	1866
224	1867
224	1868
224	1869
224	1870
226	1871
226	1872
226	1873
226	1874
226	1875
226	1876
226	1877
227	0
227	227
227	1470
227	1473
227	1474
227	1477
227	1479
227	1480
227	1481
227	1878
227	1879
227	1880
228	0
228	1
228	4
228	7
228	69
228	156
228	202
228	659
228	660
228	661
228	662
228	663
228	664
228	1881
228	1882
228	1883
228	1884
228	1885
228	1886
228	1887
228	1888
228	1889
228	1890
228	1891
228	1892
228	1893
228	1894
228	1895
228	1896
228	1897
228	1898
228	1899
229	0
229	1
229	4
229	69
229	156
229	202
229	659
229	660
229	661
229	662
229	663
229	664
231	0
231	1
231	4
231	69
231	156
231	202
231	659
231	660
231	661
231	662
231	663
231	664
232	0
232	1
232	4
232	69
232	107
232	156
232	202
232	232
232	659
232	660
232	661
232	662
232	663
232	664
232	1900
233	1017
233	1901
233	1902
233	1903
233	1904
233	1905
233	1906
233	1907
233	1908
233	1909
233	1910
233	1911
233	1912
233	1913
233	1914
233	1915
233	1916
234	1017
234	1917
236	1918
236	1919
236	1920
237	1921
237	1922
237	1923
237	1924
237	1925
237	1926
237	1927
238	0
238	13
238	239
238	1928
238	1929
238	1930
238	1931
238	1932
238	1933
238	1934
239	238
240	0
240	15
240	70
240	169
240	240
240	242
240	243
240	246
240	1935
240	1936
240	1937
240	1938
240	1939
240	1940
240	1941
240	1942
241	0
241	4
241	15
241	141
241	202
241	241
241	244
241	245
241	1943
242	0
242	15
242	70
242	163
242	169
242	176
242	192
242	208
242	240
242	243
242	246
242	1719
242	1721
242	1944
242	1945
242	1946
242	1947
242	1948
242	1949
242	1950
242	1951
242	1952
242	1953
242	1954
242	1955
242	1956
242	1957
242	1958
242	1959
243	0
243	15
243	70
243	169
243	201
243	240
243	242
243	243
243	246
243	957
243	1661
243	1662
243	1663
243	1664
243	1668
243	1669
243	1670
243	1671
243	1672
243	1695
243	1960
244	0
244	4
244	15
244	70
244	141
244	202
244	241
244	244
244	245
244	1961
244	1962
245	0
245	4
245	7
245	12
245	15
245	32
245	33
245	36
245	37
245	38
245	40
245	41
245	46
245	53
245	55
245	64
245	74
245	101
245	103
245	107
245	110
245	119
245	121
245	141
245	144
245	156
245	163
245	164
245	169
245	174
245	176
245	192
245	201
245	202
245	203
245	213
245	221
245	233
245	234
245	241
245	244
245	245
245	804
245	862
245	957
245	994
245	995
245	996
245	997
245	1017
245	1237
245	1250
245	1661
245	1662
245	1663
245	1664
245	1668
245	1669
245	1670
245	1671
245	1672
245	1718
245	1719
245	1720
245	1721
245	1897
245	1935
245	1936
245	1937
245	1942
245	1945
245	1948
245	1949
245	1951
245	1952
245	1953
245	1954
245	1955
245	1956
245	1957
245	1958
245	1959
245	1960
245	1963
245	1964
245	1965
245	1966
245	1967
245	1968
245	1969
245	1970
245	1971
245	1972
245	1973
246	0
246	15
246	36
246	53
246	55
246	70
246	74
246	156
246	169
246	202
246	208
246	240
246	243
246	246
246	1974
246	1975
246	1976
246	1977
246	1978
247	254
247	1979
247	1980
247	1981
247	1982
247	1983
247	1984
247	1985
247	1986
248	254
248	1987
248	1988
249	16
249	249
249	250
249	251
249	254
249	1989
249	1990
249	1991
249	1992
249	1993
249	1994
249	1995
250	16
250	254
251	16
251	254
252	1996
252	1997
253	16
253	254
253	1998
253	1999
254	16
254	1979
254	1985
255	16
255	2000
255	2001
255	2002
255	2003
255	2004
255	2005
256	254
256	2006
256	2007
256	2008
256	2009
257	16
257	1470
257	2010
258	17
258	258
258	259
258	260
258	261
258	262
258	2011
258	2012
258	2013
258	2014
258	2015
258	2016
263	1
263	258
263	259
263	260
263	261
263	262
263	264
263	265
263	2017
264	17
264	258
264	259
264	260
264	261
264	262
264	2013
267	0
267	14
268	2018
268	2019
268	2020
268	2021
268	2022
268	2023
268	2024
268	2025
268	2026
268	2027
269	0
269	1
269	18
269	2028
269	2029
270	0
270	1
270	18
270	2030
270	2031
271	0
271	1
271	18
271	2032
271	2033
272	0
272	1
272	18
272	2034
272	2035
273	0
273	1
273	18
273	2036
273	2037
274	0
274	1
274	18
274	2038
274	2039
275	0
275	1
275	18
275	2040
275	2041
276	0
276	1
276	18
276	2042
276	2043
277	0
277	1
277	18
277	2044
277	2045
278	0
278	1
278	18
278	2046
278	2047
279	0
279	1
279	18
279	2048
279	2049
280	0
280	1
280	18
280	2050
280	2051
281	0
281	1
281	18
281	2052
281	2053
282	0
282	1
282	18
282	2054
282	2055
283	0
283	1
283	18
283	2056
283	2057
285	0
285	1
285	18
285	2058
285	2059
286	0
286	1
286	18
286	2060
286	2061
287	0
287	1
287	18
287	2062
287	2063
288	0
288	1
288	18
288	2064
288	2065
289	0
289	1
289	18
289	2066
289	2067
290	0
290	1
290	18
290	2068
290	2069
291	0
291	39
291	2070
291	2071
291	2072
292	0
292	1
292	18
292	2073
292	2074
293	0
293	1
293	18
293	2075
293	2076
294	0
294	1
294	18
294	2077
294	2078
295	0
295	1
295	18
295	2079
295	2080
296	0
296	1
296	18
296	2081
296	2082
297	0
297	1
297	18
297	2083
297	2084
298	0
298	1
298	18
298	2085
298	2086
299	0
299	1
299	18
299	2087
299	2088
300	0
300	1
300	18
300	2089
300	2090
301	0
301	1
301	18
301	2091
301	2092
302	0
302	1
302	18
302	2093
302	2094
303	2095
303	2096
303	2097
303	2098
304	0
304	1
304	18
304	2099
304	2100
305	0
305	1
305	18
305	581
305	2101
305	2102
306	0
306	1
306	18
306	2103
306	2104
307	0
307	1
307	18
307	2105
307	2106
308	0
308	1
308	18
308	2107
308	2108
309	0
309	1
309	18
309	2109
309	2110
310	0
310	1
310	18
310	2111
310	2112
311	0
311	1
311	18
311	2113
311	2114
312	2115
312	2116
313	0
313	1
313	18
313	2117
313	2118
314	2119
314	2120
315	0
315	1
315	18
315	2121
315	2122
316	0
316	1
316	18
316	2123
316	2124
317	0
317	1
317	18
317	2125
317	2126
317	2127
318	0
318	1
318	18
318	2128
318	2129
319	0
319	1
319	18
319	2130
319	2131
320	0
320	1
320	18
320	2132
320	2133
321	0
321	1
321	18
321	2134
321	2135
322	0
322	1
322	18
322	2136
322	2137
323	0
323	1
323	2138
323	2139
323	2140
323	2141
324	0
324	1
324	18
324	2142
324	2143
325	0
325	1
325	18
325	2144
325	2145
326	0
326	1
326	18
326	2146
326	2147
327	1
327	17
327	2148
327	2149
327	2150
327	2151
327	2152
327	2153
327	2154
328	0
328	1
328	18
328	2155
328	2156
329	0
329	1
329	18
329	2157
329	2158
330	0
330	1
330	18
330	2159
330	2160
331	0
331	1
331	18
331	2161
331	2162
332	0
332	1
332	18
332	2163
332	2164
333	0
333	1
333	18
333	2165
333	2166
334	0
334	1
334	18
334	2167
334	2168
335	0
335	1
335	18
335	2169
335	2170
335	2171
335	2172
336	0
336	1
336	18
336	2173
336	2174
338	0
338	1
338	18
338	2175
338	2176
338	2177
339	0
339	1
339	18
339	2178
339	2179
340	340
340	2180
340	2181
340	2182
340	2183
340	2184
340	2185
340	2186
341	2187
341	2188
342	2189
342	2190
342	2191
343	2192
343	2193
344	2194
344	2195
344	2196
344	2197
345	2198
345	2199
346	0
346	1
346	18
346	2200
346	2201
347	0
347	64
347	2202
347	2203
347	2204
348	2205
348	2206
348	2207
349	0
349	1
349	18
349	2208
349	2209
352	0
352	2210
353	2211
353	2212
353	2213
353	2214
353	2215
353	2216
353	2217
354	2218
358	0
358	358
358	2219
358	2220
358	2221
358	2222
358	2223
358	2224
359	0
359	1
359	19
359	20
359	2225
359	2226
360	0
360	1
360	19
360	20
360	2227
360	2228
361	0
361	1
361	19
361	20
361	2229
361	2230
362	0
362	1
362	19
362	20
362	2231
362	2232
363	0
363	1
363	19
363	20
363	2233
363	2234
364	1259
364	2235
364	2236
364	2237
364	2238
364	2239
364	2240
365	0
365	1
365	19
365	20
365	2241
365	2242
366	195
366	2243
366	2244
366	2245
366	2246
366	2247
366	2248
366	2249
366	2250
366	2251
366	2252
366	2253
366	2254
366	2255
366	2256
366	2257
366	2258
367	0
367	1
367	19
367	20
367	2259
367	2260
368	0
368	1
368	19
368	20
368	2261
368	2262
369	2263
369	2264
369	2265
370	0
370	1
370	19
370	20
370	2266
370	2267
371	0
371	1
371	19
371	20
371	2268
371	2269
372	0
372	1
372	19
372	20
372	2270
372	2271
373	0
373	1
373	19
373	20
373	2272
373	2273
374	0
374	1
374	19
374	20
374	2274
374	2275
375	0
375	1
375	19
375	20
375	2276
375	2277
376	0
376	376
376	2278
376	2279
376	2280
376	2281
377	0
377	195
377	2282
377	2283
377	2284
377	2285
379	0
379	1
379	19
379	20
379	2286
379	2287
380	0
380	1
380	19
380	20
380	2288
380	2289
381	0
381	1
381	19
381	20
381	2290
381	2291
382	0
382	1
382	19
382	20
382	2292
382	2293
383	0
383	1
383	19
383	20
383	2294
383	2295
384	0
384	1
384	19
384	20
384	2296
384	2297
385	0
385	1
385	19
385	20
385	2298
385	2299
386	0
386	1
386	18
386	2300
386	2301
387	0
387	1
387	19
387	20
387	2302
387	2303
388	0
388	1
388	19
388	20
388	2304
388	2305
389	0
389	1
389	19
389	20
389	2306
389	2307
390	0
390	1
390	19
390	20
390	2308
390	2309
391	0
391	1
391	391
391	2310
391	2311
391	2312
391	2313
391	2314
391	2315
391	2316
391	2317
391	2318
391	2319
392	0
392	1
392	19
392	20
392	2320
392	2321
393	393
393	2322
393	2323
394	2324
394	2325
394	2326
395	0
395	39
395	2327
395	2328
395	2329
395	2330
395	2331
395	2332
395	2333
395	2334
395	2335
395	2336
395	2337
395	2338
395	2339
395	2340
396	0
396	1
396	19
396	20
396	2341
396	2342
397	0
397	1
397	19
397	20
397	2343
397	2344
398	0
398	1
398	19
398	20
398	2345
398	2346
399	0
399	1
399	19
399	20
399	2347
399	2348
400	0
400	1
400	19
400	20
400	2349
400	2350
401	0
401	1
401	19
401	20
401	2351
401	2352
402	0
402	1
402	19
402	20
402	2353
402	2354
403	0
403	1
403	19
403	20
403	2355
403	2356
404	0
404	1
404	19
404	20
404	2357
404	2358
405	0
405	1
405	19
405	20
405	405
405	2359
405	2360
405	2361
405	2362
406	0
406	1
406	19
406	20
406	2363
406	2364
407	0
407	1
407	19
407	20
407	2365
407	2366
408	0
408	1
408	18
408	2367
408	2368
409	0
409	1
409	19
409	20
409	2369
409	2370
410	0
410	1
410	19
410	20
410	2371
410	2372
411	0
411	1
411	19
411	20
411	2373
411	2374
412	0
412	1
412	19
412	20
412	2375
412	2376
413	0
413	1
413	19
413	20
413	2377
413	2378
414	0
414	1
414	19
414	20
414	2379
414	2380
416	0
416	1
416	19
416	20
416	717
416	2381
416	2382
417	0
417	1
417	19
417	20
417	2383
417	2384
418	0
418	1
418	19
418	20
418	2385
418	2386
419	0
419	1
419	19
419	20
419	2387
419	2388
420	0
420	1
420	19
420	20
420	2389
420	2390
421	0
421	1
421	19
421	20
421	2391
421	2392
422	0
422	1
422	19
422	20
422	2393
422	2394
423	0
423	1
423	19
423	20
423	2395
423	2396
424	0
424	1
424	19
424	20
424	2397
424	2398
425	0
425	1
425	19
425	20
425	2399
425	2400
425	2401
426	0
426	1
426	19
426	20
426	2402
426	2403
427	0
427	1
427	19
427	20
427	2404
427	2405
428	0
428	1
428	19
428	20
428	2406
428	2407
429	0
429	1
429	19
429	20
429	2408
429	2409
430	0
430	1
430	19
430	20
430	2410
430	2411
431	0
431	1
431	19
431	20
431	2412
431	2413
432	0
432	1
432	19
432	20
432	2414
432	2415
433	0
433	1
433	19
433	20
433	2416
433	2417
435	0
435	1
435	19
435	20
435	2418
435	2419
436	0
436	1
436	19
436	20
436	2420
436	2421
437	0
437	1
437	19
437	20
437	2422
437	2423
438	0
438	1
438	19
438	20
438	2424
438	2425
439	0
439	1
439	19
439	20
439	2426
439	2427
440	2428
441	0
441	1
441	19
441	20
441	2429
441	2430
442	0
442	1
442	19
442	20
442	2431
442	2432
443	0
443	1
443	19
443	20
443	2433
443	2434
444	0
444	1
444	19
444	20
444	2435
444	2436
445	0
445	1
445	19
445	20
445	2437
445	2438
446	0
446	1
446	19
446	20
446	2439
446	2440
447	0
447	1
447	19
447	20
447	2441
447	2442
448	0
448	1
448	19
448	20
448	2443
448	2444
450	0
450	1
450	900
450	1038
450	2445
450	2446
450	2447
450	2448
450	2449
450	2450
450	2451
451	0
451	1
451	19
451	20
451	2452
451	2453
452	0
452	1
452	18
452	2454
452	2455
453	0
453	2456
453	2457
453	2458
453	2459
453	2460
453	2461
453	2462
453	2463
453	2464
453	2465
453	2466
453	2467
453	2468
453	2469
454	0
454	1
454	19
454	20
454	2470
454	2471
455	0
455	1
455	19
455	20
455	2472
455	2473
456	0
456	1
456	19
456	20
456	2474
456	2475
457	0
457	1
457	19
457	20
457	2476
457	2477
458	0
458	2478
458	2479
459	0
459	1
459	19
459	20
459	2480
459	2481
460	0
460	1
460	19
460	20
460	2482
460	2483
462	0
462	1
462	19
462	20
462	2484
462	2485
463	0
463	1
463	19
463	20
463	2486
463	2487
464	0
464	20
464	2488
464	2489
464	2490
464	2491
464	2492
464	2493
464	2494
464	2495
464	2496
465	0
465	1
465	19
465	20
465	2497
465	2498
466	0
466	1
466	19
466	20
466	2499
466	2500
467	0
467	1
467	19
467	20
467	2501
467	2502
468	0
468	1
468	19
468	20
468	2503
468	2504
469	0
469	1
469	19
469	20
469	2505
469	2506
469	2507
469	2508
469	2509
469	2510
469	2511
469	2512
469	2513
469	2514
470	0
470	1
470	19
470	20
470	2515
470	2516
471	0
471	1
471	19
471	20
471	2517
471	2518
472	2519
472	2520
472	2521
473	0
473	1
473	19
473	20
473	2522
473	2523
474	0
474	1
474	19
474	20
474	2524
474	2525
475	0
475	1
475	19
475	20
475	2526
475	2527
476	0
476	1
476	19
476	20
476	2528
476	2529
477	0
477	1
477	19
477	20
477	2530
477	2531
478	0
478	1
478	19
478	20
478	2532
478	2533
479	2534
479	2535
479	2536
480	0
480	1
480	19
480	20
480	2537
480	2538
481	0
481	1
481	19
481	20
481	2539
481	2540
482	0
482	1
482	19
482	20
482	2541
482	2542
483	0
483	1
483	19
483	20
483	2543
483	2544
484	0
484	1
484	19
484	20
484	2545
484	2546
485	0
485	1
485	19
485	20
485	2547
485	2548
486	486
487	0
487	1
487	19
487	20
487	2549
487	2550
488	0
488	2551
488	2552
488	2553
488	2554
488	2555
488	2556
488	2557
488	2558
488	2559
489	0
489	1
489	19
489	20
489	2560
489	2561
490	2562
490	2563
490	2564
491	0
491	1
491	19
491	20
491	2565
491	2566
492	0
492	1
492	19
492	20
492	2567
492	2568
493	0
493	1
493	19
493	20
493	2569
493	2570
494	0
494	1
494	19
494	20
494	2571
494	2572
495	0
495	1
495	19
495	20
495	2573
495	2574
496	0
496	1
496	19
496	20
496	2575
496	2576
498	0
498	1
498	19
498	20
498	2577
498	2578
499	0
499	1
499	19
499	20
499	2579
499	2580
500	0
500	1
500	19
500	20
500	2581
500	2582
501	2583
501	2584
502	2585
502	2586
503	0
503	1
503	19
503	20
503	2587
503	2588
504	0
504	1
504	19
504	20
504	2589
504	2590
505	0
505	1
505	19
505	20
505	2591
505	2592
506	0
506	1
506	19
506	20
506	2593
506	2594
507	0
507	1
507	19
507	20
507	2595
507	2596
508	2597
508	2598
509	2018
509	2019
509	2020
509	2021
509	2022
509	2023
509	2024
509	2025
509	2026
509	2027
510	0
510	1
510	19
510	20
510	2599
510	2600
511	0
511	1
511	19
511	20
511	2601
511	2602
512	0
512	1
512	19
512	20
512	2603
512	2604
513	0
513	1
513	19
513	20
513	2605
513	2606
514	0
514	1
514	19
514	20
514	2607
514	2608
515	0
515	1
515	19
515	20
515	2609
515	2610
516	2611
516	2612
516	2613
516	2614
516	2615
516	2616
516	2617
516	2618
516	2619
516	2620
516	2621
516	2622
517	0
517	1
517	19
517	20
517	2623
517	2624
518	0
518	1
518	19
518	20
518	2625
518	2626
519	0
519	1
519	19
519	20
519	2627
519	2628
520	520
521	0
521	521
521	2629
521	2630
521	2631
521	2632
521	2633
521	2634
521	2635
521	2636
521	2637
522	0
522	1
522	19
522	20
522	2638
522	2639
523	0
523	1
523	19
523	20
523	2640
523	2641
524	0
524	1
524	19
524	20
524	2642
524	2643
525	0
525	1
525	19
525	20
525	2644
525	2645
526	526
527	0
527	1
527	19
527	20
527	2646
527	2647
528	2648
528	2649
528	2650
528	2651
529	0
529	1
529	19
529	20
529	2652
529	2653
530	0
530	1
530	19
530	20
530	2654
530	2655
531	2656
531	2657
532	0
532	1
532	19
532	20
532	2658
532	2659
533	0
533	1
533	19
533	20
533	2660
533	2661
534	0
534	1
534	19
534	20
534	2662
534	2663
535	0
535	1
535	19
535	20
535	2664
535	2665
537	0
537	1
537	19
537	20
537	2666
537	2667
538	0
538	1
538	19
538	20
538	2668
538	2669
539	0
539	1
539	19
539	20
539	2670
539	2671
540	0
540	1
540	19
540	20
540	2672
540	2673
541	0
541	1
541	19
541	20
541	2674
541	2675
542	0
542	1
542	19
542	20
542	2676
542	2677
544	0
544	1
544	19
544	20
544	2678
544	2679
545	0
545	1
545	19
545	20
545	2680
545	2681
546	0
546	1
546	19
546	20
546	2682
546	2683
547	0
547	1
547	19
547	20
547	2684
547	2685
548	0
549	0
549	1
549	19
549	20
549	2686
549	2687
550	0
550	1
550	19
550	20
550	2688
550	2689
552	0
552	1
552	19
552	20
552	2690
552	2691
553	0
553	1
553	19
553	20
553	2692
553	2693
554	0
554	1
554	19
554	20
554	2694
554	2695
555	0
555	555
555	2696
555	2697
555	2698
555	2699
555	2700
556	0
556	1
556	19
556	20
556	2701
556	2702
557	557
557	2703
557	2704
557	2705
557	2706
557	2707
557	2708
557	2709
557	2710
558	0
559	559
559	2711
559	2712
559	2713
559	2714
559	2715
559	2716
559	2717
559	2718
559	2719
560	0
560	39
560	560
560	2720
560	2721
560	2722
560	2723
560	2724
560	2725
560	2726
560	2727
560	2728
560	2729
560	2730
560	2731
560	2732
560	2733
560	2734
560	2735
560	2736
560	2737
560	2738
560	2739
560	2740
561	2741
561	2742
562	2743
562	2744
562	2745
563	2746
563	2747
563	2748
564	0
564	2749
564	2750
565	2751
565	2752
566	2753
566	2754
567	567
567	2755
567	2756
567	2757
568	2758
568	2759
569	0
569	577
569	580
569	2760
569	2761
569	2762
569	2763
569	2764
569	2765
569	2766
570	2767
570	2768
570	2769
572	2770
572	2771
572	2772
574	2773
574	2774
574	2775
575	2776
576	576
576	2777
576	2778
576	2779
576	2780
576	2781
576	2782
576	2783
576	2784
576	2785
576	2786
576	2787
576	2788
583	0
583	1
583	21
583	583
583	584
583	585
583	586
583	587
583	588
583	589
583	590
583	591
583	2789
584	0
584	1
584	21
584	583
584	584
584	585
584	586
584	587
584	588
584	589
584	590
584	591
584	2789
584	2790
584	2791
585	0
585	1
585	21
585	583
585	584
585	585
585	586
585	587
585	588
585	589
585	590
585	591
585	2789
585	2790
585	2791
585	2792
585	2793
586	0
586	1
586	21
586	583
586	584
586	585
586	586
586	587
586	588
586	589
586	590
586	591
586	2789
586	2794
586	2795
587	0
587	1
587	21
587	583
587	584
587	585
587	586
587	587
587	588
587	589
587	590
587	591
587	2789
587	2796
587	2797
588	0
588	1
588	21
588	583
588	584
588	585
588	586
588	587
588	588
588	589
588	590
588	591
588	2789
589	0
589	1
589	21
589	583
589	584
589	585
589	586
589	587
589	588
589	589
589	590
589	591
589	2789
589	2798
589	2799
589	2800
590	0
590	1
590	21
590	583
590	584
590	585
590	586
590	587
590	588
590	589
590	590
590	591
590	2789
590	2801
590	2802
590	2803
591	0
591	1
591	21
591	583
591	584
591	585
591	586
591	587
591	588
591	589
591	590
591	591
591	2789
591	2796
591	2797
591	2801
591	2804
592	2805
592	2806
592	2807
593	0
593	1
594	0
594	1
594	17
594	19
594	20
594	21
594	23
594	24
594	25
594	27
594	29
594	594
594	595
594	596
594	2808
594	2809
594	2810
594	2811
594	2812
595	0
595	1
595	23
595	2813
595	2814
595	2815
595	2816
595	2817
595	2818
595	2819
595	2820
595	2821
595	2822
596	2823
596	2824
596	2825
597	0
597	1
597	17
597	19
597	20
597	21
597	23
597	24
597	25
597	27
597	29
598	0
598	1
598	17
598	19
598	20
598	21
598	23
598	24
598	25
598	27
598	29
600	0
600	1
600	17
600	19
600	20
600	21
600	23
600	24
600	25
600	27
600	29
600	600
600	608
600	2826
600	2827
600	2828
600	2829
600	2830
600	2831
600	2832
600	2833
600	2834
600	2835
600	2836
601	0
601	1
601	17
601	19
601	20
601	21
601	23
601	24
601	25
601	27
601	29
601	601
601	608
601	2826
601	2827
601	2828
601	2829
601	2830
601	2831
601	2832
601	2833
601	2834
601	2835
601	2836
602	0
602	1
602	17
602	19
602	20
602	21
602	23
602	24
602	25
602	27
602	29
602	602
602	608
602	2826
602	2827
602	2828
602	2829
602	2830
602	2831
602	2832
602	2833
602	2834
602	2835
602	2836
603	0
603	1
603	17
603	19
603	20
603	21
603	23
603	24
603	25
603	27
603	29
603	603
603	604
603	605
603	606
603	608
603	609
603	610
603	611
603	612
603	613
603	614
603	2837
603	2838
604	0
604	1
604	17
604	19
604	20
604	21
604	23
604	24
604	25
604	27
604	29
604	603
604	604
604	605
604	606
604	608
604	609
604	610
604	611
604	612
604	613
604	614
605	0
605	1
605	17
605	19
605	20
605	21
605	23
605	24
605	25
605	27
605	29
605	603
605	604
605	605
605	606
605	608
605	609
605	610
605	611
605	612
605	613
605	614
605	2839
605	2840
605	2841
606	0
606	1
606	17
606	19
606	20
606	21
606	23
606	24
606	25
606	27
606	29
606	603
606	604
606	605
606	606
606	608
606	609
606	610
606	611
606	612
606	613
606	614
607	0
607	1
607	17
607	19
607	20
607	21
607	23
607	24
607	25
607	27
607	29
607	603
607	604
607	605
607	606
607	608
607	609
607	610
607	611
607	612
607	613
607	614
608	0
608	1
608	17
608	19
608	20
608	21
608	23
608	24
608	25
608	27
608	29
609	0
609	1
609	17
609	19
609	20
609	21
609	23
609	24
609	25
609	27
609	29
609	603
609	604
609	605
609	606
609	608
609	609
609	610
609	611
609	612
609	613
609	614
610	0
610	1
610	17
610	19
610	20
610	21
610	23
610	24
610	25
610	27
610	29
610	603
610	604
610	605
610	606
610	608
610	609
610	610
610	611
610	612
610	613
610	614
610	2842
610	2843
610	2844
611	0
611	1
611	17
611	19
611	20
611	21
611	23
611	24
611	25
611	27
611	29
611	603
611	604
611	605
611	606
611	608
611	609
611	610
611	611
611	612
611	613
611	614
612	0
612	1
612	17
612	19
612	20
612	21
612	23
612	24
612	25
612	27
612	29
612	603
612	604
612	605
612	606
612	608
612	609
612	610
612	611
612	612
612	613
612	614
613	0
613	1
613	25
613	603
613	604
613	605
613	606
613	608
613	609
613	610
613	611
613	612
613	613
613	614
614	0
614	1
614	17
614	19
614	20
614	21
614	23
614	24
614	25
614	27
614	29
614	603
614	604
614	605
614	606
614	608
614	609
614	610
614	611
614	612
614	613
614	614
615	0
615	1
615	17
615	19
615	20
615	21
615	23
615	24
615	25
615	27
615	29
615	615
615	616
616	0
616	1
616	17
616	19
616	20
616	21
616	23
616	24
616	25
616	27
616	29
616	615
616	616
617	0
617	1
617	29
617	618
617	619
617	620
617	623
617	624
617	625
617	628
618	0
618	1
618	29
618	162
618	163
618	617
618	619
618	620
618	623
618	624
618	625
618	628
618	2845
619	0
619	1
619	29
619	617
619	618
619	620
619	623
619	624
619	625
619	628
620	0
620	1
620	29
620	617
620	618
620	619
620	622
620	623
620	624
620	625
620	628
620	2846
620	2847
621	0
621	1
621	29
621	617
621	618
621	619
621	620
621	623
621	624
621	625
621	628
621	2847
621	2848
621	2849
621	2850
622	0
622	1
622	29
622	617
622	618
622	619
622	620
622	623
622	624
622	625
622	628
622	2851
622	2852
622	2853
622	2854
622	2855
622	2856
622	2857
623	0
623	1
623	29
623	617
623	618
623	619
623	620
623	621
623	622
623	624
623	625
623	628
623	2846
623	2847
623	2851
623	2858
623	2859
623	2860
623	2861
624	0
624	1
624	29
624	617
624	618
624	619
624	620
624	623
624	625
624	628
625	0
625	1
625	29
625	618
625	619
625	620
625	623
625	624
625	628
625	2862
625	2863
625	2864
625	2865
625	2866
625	2867
625	2868
625	2869
628	0
628	1
628	29
628	617
628	618
628	619
628	620
628	623
628	624
628	625
628	626
628	627
628	629
628	2870
628	2871
628	2872
628	2873
628	2874
628	2875
628	2876
628	2877
630	2878
630	2879
635	131
636	2880
636	2881
636	2882
637	131
638	2883
638	2884
638	2885
640	2886
640	2887
640	2888
641	33
641	176
641	643
641	644
641	645
643	33
643	176
643	641
643	644
643	645
644	33
644	176
644	641
644	643
644	645
645	33
645	176
645	641
645	643
645	644
646	34
647	34
647	2889
647	2890
647	2891
647	2892
650	35
650	267
650	2893
650	2894
650	2895
650	2896
650	2897
650	2898
650	2899
650	2900
650	2901
650	2902
650	2903
650	2904
650	2905
650	2906
651	35
652	35
652	658
652	2907
652	2908
652	2909
652	2910
652	2911
652	2912
652	2913
652	2914
652	2915
652	2916
652	2917
652	2918
652	2919
653	35
654	656
656	35
657	35
658	35
658	652
659	15
660	0
660	1
660	4
660	36
660	69
660	119
660	156
660	202
660	659
660	660
660	661
660	662
660	663
660	664
660	808
660	990
660	992
660	2920
661	0
661	1
661	4
661	36
661	68
661	69
661	74
661	107
661	156
661	174
661	198
661	202
661	206
661	228
661	229
661	230
661	231
661	232
661	659
661	660
661	661
661	662
661	663
661	664
661	979
661	981
661	982
661	983
661	984
661	985
661	988
661	990
661	991
661	992
661	993
661	2921
661	2922
661	2923
661	2924
662	0
662	1
662	4
662	69
662	156
662	202
662	659
662	660
662	661
662	662
662	663
662	664
663	0
663	1
663	4
663	46
663	53
663	55
663	68
663	69
663	107
663	156
663	202
663	229
663	231
663	232
663	659
663	660
663	661
663	662
663	663
663	664
663	808
663	982
663	985
663	990
663	992
663	2925
663	2926
664	0
664	1
664	4
664	36
664	68
664	69
664	107
664	156
664	202
664	206
664	229
664	231
664	232
664	659
664	660
664	661
664	662
664	663
664	664
664	808
664	980
664	985
664	986
664	987
664	988
664	989
664	990
664	992
664	993
664	1969
664	2920
664	2921
664	2922
664	2923
664	2924
664	2925
664	2927
665	2928
665	2929
666	2930
666	2931
666	2932
666	2933
666	2934
670	37
670	2935
671	14
671	671
671	1273
671	2936
671	2937
671	2938
671	2939
671	2940
671	2941
671	2942
671	2943
671	2944
672	0
672	14
672	222
672	1903
672	2937
672	2945
672	2946
672	2947
672	2948
672	2949
672	2950
672	2951
672	2952
673	0
673	673
673	2953
673	2954
673	2955
673	2956
673	2957
673	2958
673	2959
673	2960
673	2961
673	2962
673	2963
674	170
674	1273
674	2964
674	2965
674	2966
674	2967
674	2968
674	2969
674	2970
674	2971
675	2972
675	2973
675	2974
676	2975
676	2976
676	2977
676	2978
676	2979
676	2980
677	2981
677	2982
677	2983
677	2984
677	2985
678	2986
678	2987
679	0
679	2988
679	2989
679	2990
679	2991
679	2992
679	2993
679	2994
680	2995
681	0
682	2996
682	2997
683	0
683	39
683	683
683	2998
683	2999
683	3000
683	3001
683	3002
684	0
684	3003
684	3004
685	2993
685	3005
685	3006
685	3007
685	3008
685	3009
685	3010
685	3011
686	0
687	0
688	3012
688	3013
689	3014
689	3015
690	58
690	3016
690	3017
690	3018
690	3019
690	3020
691	740
692	3021
692	3022
692	3023
692	3024
692	3025
692	3026
692	3027
693	0
694	3028
694	3029
695	3030
695	3031
696	3032
696	3033
696	3034
696	3035
696	3036
696	3037
696	3038
696	3039
696	3040
696	3041
696	3042
696	3043
696	3044
696	3045
696	3046
696	3047
697	0
697	3048
697	3049
697	3050
697	3051
697	3052
697	3053
698	698
698	3054
698	3055
698	3056
698	3057
698	3058
698	3059
698	3060
698	3061
698	3062
699	3063
699	3064
700	3065
700	3066
700	3067
700	3068
700	3069
701	0
701	3070
701	3071
701	3072
701	3073
701	3074
702	0
704	0
704	704
704	3075
704	3076
704	3077
704	3078
704	3079
704	3080
705	0
706	0
707	3081
707	3082
707	3083
708	3084
709	0
709	709
709	1040
709	1191
709	3085
709	3086
709	3087
710	0
710	113
710	3088
710	3089
710	3090
710	3091
710	3092
710	3093
710	3094
710	3095
710	3096
710	3097
710	3098
710	3099
710	3100
711	3101
711	3102
711	3103
712	0
713	3104
713	3105
713	3106
713	3107
713	3108
714	0
715	3109
715	3110
715	3111
715	3112
716	3113
716	3114
717	3115
718	0
719	3116
719	3117
719	3118
721	3119
721	3120
721	3121
721	3122
721	3123
721	3124
721	3125
721	3126
721	3127
721	3128
721	3129
721	3130
721	3131
721	3132
722	1273
722	3133
722	3134
722	3135
722	3136
722	3137
723	3138
723	3139
723	3140
723	3141
723	3142
723	3143
724	0
725	0
726	0
727	0
727	3144
727	3145
728	0
729	0
730	3146
730	3147
730	3148
730	3149
730	3150
731	3151
731	3152
731	3153
731	3154
731	3155
731	3156
731	3157
731	3158
731	3159
731	3160
731	3161
731	3162
731	3163
732	3164
732	3165
732	3166
732	3167
732	3168
732	3169
732	3170
732	3171
733	0
734	3172
734	3173
734	3174
734	3175
734	3176
734	3177
735	3178
735	3179
735	3180
735	3181
735	3182
735	3183
735	3184
735	3185
735	3186
735	3187
735	3188
735	3189
736	3190
736	3191
736	3192
737	3193
737	3194
738	0
739	0
739	3195
739	3196
739	3197
739	3198
739	3199
739	3200
740	0
740	6
740	155
740	201
740	205
740	740
740	1542
740	3201
740	3202
740	3203
740	3204
740	3205
740	3206
740	3207
740	3208
740	3209
741	740
743	743
743	3210
743	3211
743	3212
743	3213
743	3214
743	3215
743	3216
743	3217
743	3218
744	0
745	0
746	3219
746	3220
747	3221
747	3222
748	3223
748	3224
749	0
749	3225
749	3226
749	3227
749	3228
749	3229
749	3230
749	3231
749	3232
749	3233
749	3234
749	3235
750	0
751	1152
751	3236
751	3237
751	3238
751	3239
752	0
753	3240
753	3241
753	3242
753	3243
753	3244
753	3245
753	3246
753	3247
755	45
755	103
755	149
755	206
755	1037
755	1153
755	3248
755	3249
755	3250
755	3251
755	3252
755	3253
755	3254
755	3255
755	3256
755	3257
755	3258
755	3259
755	3260
755	3261
755	3262
755	3263
755	3264
755	3265
755	3266
755	3267
755	3268
755	3269
755	3270
755	3271
755	3272
755	3273
755	3274
755	3275
755	3276
755	3277
755	3278
755	3279
755	3280
755	3281
755	3282
755	3283
755	3284
755	3285
756	3286
757	0
758	3287
758	3288
758	3289
758	3290
758	3291
758	3292
758	3293
758	3294
758	3295
758	3296
758	3297
758	3298
759	0
759	3299
759	3300
759	3301
760	3302
761	3303
761	3304
762	3305
762	3306
763	0
764	3307
764	3308
765	0
765	3309
765	3310
765	3311
765	3312
765	3313
765	3314
765	3315
765	3316
765	3317
766	766
766	3318
766	3319
766	3320
766	3321
766	3322
766	3323
766	3324
766	3325
766	3326
766	3327
766	3328
766	3329
766	3330
766	3331
766	3332
766	3333
766	3334
766	3335
766	3336
766	3337
766	3338
766	3339
767	767
767	3340
767	3341
767	3342
767	3343
767	3344
767	3345
767	3346
767	3347
768	0
768	3348
768	3349
768	3350
768	3351
768	3352
768	3353
768	3354
768	3355
768	3356
768	3357
768	3358
768	3359
768	3360
768	3361
769	0
770	0
772	0
773	3362
773	3363
773	3364
773	3365
773	3366
774	0
775	0
776	3367
776	3368
776	3369
776	3370
776	3371
776	3372
776	3373
776	3374
777	0
778	0
779	779
779	3133
779	3375
779	3376
779	3377
779	3378
779	3379
779	3380
780	3381
780	3382
781	0
782	0
783	0
784	3383
785	0
786	3384
786	3385
786	3386
786	3387
786	3388
787	0
787	3389
787	3390
787	3391
787	3392
787	3393
787	3394
787	3395
787	3396
787	3397
787	3398
787	3399
787	3400
787	3401
787	3402
787	3403
788	0
790	3404
790	3405
790	3406
790	3407
790	3408
791	0
792	0
793	0
793	793
793	996
793	3409
793	3410
793	3411
793	3412
793	3413
794	1273
794	3414
794	3415
794	3416
794	3417
794	3418
794	3419
795	740
796	0
797	0
797	797
797	3420
797	3421
797	3422
797	3423
797	3424
797	3425
797	3426
797	3427
797	3428
798	3429
798	3430
799	0
800	0
800	3431
800	3432
800	3433
800	3434
800	3435
800	3436
800	3437
800	3438
800	3439
800	3440
800	3441
800	3442
800	3443
801	0
802	3444
803	41
803	51
803	803
803	3445
804	41
805	3446
806	3447
808	0
808	1
808	4
808	69
808	156
808	202
808	659
808	660
808	661
808	662
808	663
808	664
812	3448
813	0
820	3449
820	3450
820	3451
820	3452
820	3453
820	3454
822	1660
822	1686
822	3455
822	3456
822	3457
822	3458
822	3459
822	3460
824	3461
825	0
825	55
825	826
825	3462
825	3463
825	3464
825	3465
825	3466
825	3467
825	3468
825	3469
825	3470
825	3471
825	3472
825	3473
826	2742
826	3462
826	3463
826	3465
826	3466
826	3468
826	3469
826	3471
826	3474
826	3475
826	3476
826	3477
826	3478
826	3479
826	3480
826	3481
826	3482
826	3483
826	3484
829	3485
829	3486
829	3487
829	3488
829	3489
829	3490
829	3491
829	3492
829	3493
829	3494
829	3495
829	3496
829	3497
829	3498
829	3499
829	3500
829	3501
829	3502
829	3503
829	3504
829	3505
829	3506
829	3507
829	3508
829	3509
829	3510
829	3511
829	3512
829	3513
829	3514
829	3515
829	3516
829	3517
829	3518
829	3519
829	3520
829	3521
829	3522
829	3523
829	3524
829	3525
829	3526
829	3527
829	3528
829	3529
829	3530
829	3531
829	3532
829	3533
829	3534
829	3535
829	3536
829	3537
829	3538
829	3539
829	3540
829	3541
829	3542
829	3543
829	3544
829	3545
829	3546
829	3547
829	3548
829	3549
829	3550
829	3551
829	3552
829	3553
829	3554
829	3555
829	3556
829	3557
829	3558
829	3559
829	3560
829	3561
829	3562
829	3563
829	3564
829	3565
829	3566
829	3567
829	3568
829	3569
829	3570
829	3571
829	3572
829	3573
829	3574
829	3575
829	3576
829	3577
829	3578
829	3579
829	3580
829	3581
829	3582
829	3583
829	3584
829	3585
829	3586
829	3587
829	3588
829	3589
829	3590
829	3591
829	3592
829	3593
829	3594
829	3595
830	46
830	3596
830	3597
830	3598
830	3599
830	3600
830	3601
831	3602
831	3603
832	831
832	3604
832	3605
832	3606
832	3607
832	3608
832	3609
832	3610
832	3611
832	3612
832	3613
832	3614
833	3615
834	0
834	3616
834	3617
834	3618
834	3619
834	3620
834	3621
834	3622
834	3623
835	835
835	2730
835	3624
835	3625
835	3626
835	3627
835	3628
835	3629
835	3630
836	3631
836	3632
836	3633
837	1150
837	3634
837	3635
837	3636
838	0
838	3637
838	3638
838	3639
838	3640
838	3641
839	3642
839	3643
839	3644
839	3645
840	3646
840	3647
840	3648
840	3649
841	0
841	3650
841	3651
841	3652
841	3653
841	3654
841	3655
842	3656
843	3657
844	3658
845	3659
846	3660
847	3661
847	3662
848	3663
848	3664
849	3665
849	3666
849	3667
849	3668
849	3669
849	3670
849	3671
849	3672
850	3673
850	3674
851	3675
851	3676
862	0
862	3677
862	3678
863	0
863	49
863	862
863	875
863	3679
863	3680
863	3681
863	3682
863	3683
863	3684
865	0
865	49
865	862
865	863
865	3685
865	3686
865	3687
865	3688
865	3689
865	3690
865	3691
865	3692
870	0
870	49
870	862
870	863
871	0
871	49
871	195
871	862
871	863
871	3681
872	0
872	49
872	862
872	863
873	0
873	49
873	862
873	863
873	874
874	0
874	862
874	863
874	3682
874	3693
874	3694
875	0
875	862
875	863
875	874
875	3684
875	3695
876	0
876	49
876	862
876	863
877	0
877	49
877	862
877	863
878	189
878	649
878	889
878	890
878	891
878	892
878	895
878	897
878	899
878	3696
878	3697
878	3698
878	3699
878	3700
879	58
879	59
879	879
879	920
879	927
879	3701
879	3702
879	3703
879	3704
879	3705
879	3706
879	3707
879	3708
879	3709
879	3710
879	3711
879	3712
879	3713
879	3714
879	3715
879	3716
879	3717
879	3718
879	3719
879	3720
879	3721
879	3722
879	3723
879	3724
879	3725
880	3726
887	189
888	189
901	47
901	997
901	3727
901	3728
901	3729
901	3730
902	900
902	904
902	906
902	3731
902	3732
903	906
903	3733
903	3734
904	3735
904	3736
904	3737
904	3738
904	3739
904	3740
904	3741
904	3742
905	155
905	904
905	3728
905	3730
905	3731
905	3743
906	0
906	1
906	4
906	69
906	107
906	156
906	202
906	659
906	660
906	661
906	662
906	663
906	664
906	906
906	1112
907	0
907	54
907	55
907	908
907	3744
907	3745
908	0
908	54
908	55
908	907
908	909
908	3744
908	3745
908	3746
909	0
909	54
909	55
909	74
909	908
911	0
911	44
911	55
911	3747
911	3748
911	3749
911	3750
911	3751
912	0
912	55
912	3752
912	3753
912	3754
912	3755
912	3756
912	3757
912	3758
912	3759
912	3760
912	3761
912	3762
912	3763
912	3764
913	0
913	55
913	56
913	57
913	919
913	3765
913	3766
913	3767
913	3768
914	0
914	55
914	3756
914	3759
914	3760
914	3761
914	3762
914	3764
914	3765
914	3767
914	3769
914	3770
914	3771
914	3772
914	3773
914	3774
914	3775
914	3776
914	3777
914	3778
914	3779
914	3780
915	0
915	55
915	1238
915	3781
915	3782
915	3783
915	3784
915	3785
915	3786
915	3787
915	3788
915	3789
915	3790
915	3791
915	3792
915	3793
915	3794
915	3795
915	3796
915	3797
915	3798
915	3799
915	3800
915	3801
915	3802
915	3803
915	3804
915	3805
915	3806
915	3807
916	0
916	55
916	3808
917	0
917	55
917	918
917	3752
918	0
918	55
918	917
918	3752
918	3779
918	3780
918	3809
919	0
919	55
919	56
919	913
919	3767
920	58
920	59
920	64
920	189
920	206
920	207
920	863
920	920
920	1542
920	3684
920	3810
920	3811
921	58
921	59
921	920
921	921
921	3812
922	58
922	59
922	920
922	922
922	3813
923	58
923	59
923	920
923	923
923	1214
927	58
927	59
927	60
927	879
927	920
927	927
927	3814
927	3815
927	3816
927	3817
927	3818
927	3819
927	3820
927	3821
927	3822
927	3823
928	58
928	59
928	920
928	927
928	928
928	3823
930	58
930	59
930	60
930	920
930	927
930	930
931	58
931	59
931	60
931	920
931	927
931	931
932	58
932	59
932	60
932	920
932	927
932	932
933	58
933	59
933	60
933	189
933	920
933	927
933	933
934	58
934	59
934	60
934	649
934	920
934	927
934	934
935	58
935	59
935	60
935	189
935	920
935	927
935	935
936	58
936	59
936	60
936	920
936	927
936	936
937	58
937	59
937	60
937	920
937	927
937	937
938	0
938	61
938	862
939	0
939	61
939	862
940	0
940	61
940	862
941	0
941	61
941	862
942	0
942	61
942	862
943	0
943	61
943	862
944	0
944	61
944	862
945	0
945	61
945	862
946	0
946	61
946	862
946	939
951	3636
951	3824
951	3825
951	3826
951	3827
952	3636
952	3827
952	3828
952	3829
952	3830
953	3636
953	3827
953	3831
953	3832
953	3833
955	0
955	3
955	14
956	955
956	3834
956	3835
956	3836
956	3837
956	3838
956	3839
956	3840
956	3841
956	3842
956	3843
956	3844
956	3845
956	3846
956	3847
956	3848
956	3849
957	0
957	64
957	201
957	3455
957	3850
957	3851
957	3852
957	3853
958	64
958	958
958	3854
958	3855
958	3856
959	64
959	960
959	3857
959	3858
959	3859
959	3860
959	3861
959	3862
959	3863
959	3864
959	3865
960	64
960	3866
960	3867
960	3868
961	2707
961	3869
962	64
962	3870
962	3871
962	3872
962	3873
962	3874
962	3875
962	3876
962	3877
962	3878
962	3879
962	3880
962	3881
962	3882
962	3883
962	3884
962	3885
962	3886
962	3887
962	3888
962	3889
962	3890
962	3891
962	3892
962	3893
962	3894
962	3895
962	3896
962	3897
962	3898
962	3899
963	64
965	65
965	66
965	960
965	3900
965	3901
965	3902
965	3903
967	64
967	956
967	3904
967	3905
967	3906
967	3907
967	3908
967	3909
968	3910
968	3911
969	64
969	3912
969	3913
970	0
970	9
970	39
970	40
970	64
970	103
970	156
970	205
970	1156
970	3914
970	3915
970	3916
970	3917
979	0
979	1
979	4
979	69
979	156
979	202
979	660
979	661
979	662
979	664
979	3918
979	3919
980	0
980	1
980	4
980	69
980	156
980	202
980	659
980	660
980	661
980	662
980	663
980	664
980	3920
981	0
981	1
981	4
981	69
981	156
981	202
981	660
981	661
981	662
981	664
981	3918
981	3919
982	0
982	1
982	4
982	69
982	156
982	202
982	659
982	660
982	661
982	662
982	663
982	664
983	0
983	1
983	4
983	69
983	156
983	202
983	659
983	660
983	661
983	662
983	663
983	664
983	984
983	2742
983	3921
983	3922
983	3923
983	3924
983	3925
983	3926
983	3927
983	3928
983	3929
983	3930
983	3931
985	0
985	1
985	4
985	69
985	156
985	202
985	659
985	660
985	661
985	662
985	663
985	664
985	1601
985	3932
985	3933
986	0
986	1
986	4
986	69
986	156
986	202
986	659
986	660
986	661
986	662
986	663
986	664
987	0
987	1
987	4
987	69
987	156
987	202
987	659
987	660
987	661
987	662
987	663
987	664
988	0
988	1
988	4
988	53
988	68
988	69
988	156
988	202
988	212
988	229